id;name
1;Assurance Legacy Mountains
2;ADP integrate
3;override National Savings
4;Borders deploy
5;Concrete hard
6;Interface Marketing Account
7;Tactics
8;Practical program
9;Solutions
10;Moroccan
